255 255 255 255 255 255 255 255 255 255 255 255 255 255 255 255
255 255 255 255 255 255 255 255 255 255 255 255 255 255 255 255
255 255 239 191 119  64 255 112 207 112 112 119 191 239 255 255
255 255 191   0 119 207 112 112 159  64 112 119   0 191 255 255
255 255 119 119 124 213  58 207 118 105 166 124 119 119 255 255
255 255 112 112 166  64  16  64  16 207 159 105 255 255 255 255
255 255 207  16  48 239  96 239  16 207 143 157  64  16 255 255
255 255 255  64 143 191  48 191  64 255 143  55 255 207 255 255
255 255 239 239 191 239 112 255  96  96 239 163 255  64 255 255
255 255 191 191  48  96 207 207  48 191 239 163 255  64 255 255
255 255 112 255 166 159  48  48 159  64 207 213 191  48 255 255
255 255 119 119 124 105 123 123 193 199  64 183  48  89 255 255
255 255 191   0 119 255 239 239  48 143 191  34  64 112 255 255
255 255 239 191 119 112 191  48 239  48 239 184  64 112 255 255
255 255 255 255 255 255 255 255 255 255 255 255 255 255 255 255
255 255 255 255 255 255 255 255 255 255 255 255 255 255 255 255
255 255 255 255 255 255 255 255 255 255 255 255 255 255 255 255
255 255 255 255 255 255 255 255 255 255 255 255 255 255 255 255
255 255 239 191 119  64 255 112 207 112 112 119 191 239 255 255
255 255 191   0 119 207 112 112 159  64 112 119   0 191 255 255
255 255 119 119 124 213  58 207 118 105 166 124 119 119 255 255
255 255 112 112 166  64  16  64  16 207 159 105 255 255 255 255
255 255 207  16  48 239  96 239  16 207 143 157  64  16 255 255
255 255 255  64 143 191  48 191  64 255 143  55 255 207 255 255
255 255 239 239 191 239 112 255  96  96 239 163 255  64 255 255
255 255 191 191  48  96 207 207  48 191 239 163 255  64 255 255
255 255 112 255 166 159  48  48 159  64 207 213 191  48 255 255
255 255 119 119 124 105 123 123 193 199  64 183  48  89 255 255
255 255 191   0 119 255 239 239  48 143 191  34  64 112 255 255
255 255 239 191 119 112 191  48 239  48 239 184  64 112 255 255
255 255 255 255 255 255 255 255 255 255 255 255 255 255 255 255
255 255 255 255 255 255 255 255 255 255 255 255 255 255 255 255
255 255 255 255 255 255 255 255 255 255 255 255 255 255 255 255
255 255 255 255 255 255 255 255 255 255 255 255 255 255 255 255
255 255 239 191 119  64 255 112 207 112 112 119 191 239 255 255
255 255 191   0 119 207 112 112 159  64 112 119   0 191 255 255
255 255 119 119 124 213  58 207 118 105 166 124 119 119 255 255
255 255 112 112 166  64  16  64  16 207 159 105 255 255 255 255
255 255 207  16  48 239  96 239  16 207 143 157  64  16 255 255
255 255 255  64 143 191  48 191  64 255 143  55 255 207 255 255
255 255 239 239 191 239 112 255  96  96 239 163 255  64 255 255
255 255 191 191  48  96 207 207  48 191 239 163 255  64 255 255
255 255 112 255 166 159  48  48 159  64 207 213 191  48 255 255
255 255 119 119 124 105 123 123 193 199  64 183  48  89 255 255
255 255 191   0 119 255 239 239  48 143 191  34  64 112 255 255
255 255 239 191 119 112 191  48 239  48 239 184  64 112 255 255
255 255 255 255 255 255 255 255 255 255 255 255 255 255 255 255
255 255 255 255 255 255 255 255 255 255 255 255 255 255 255 255

255 255 255 255 255 255 255 255 255 255 255 255 255 255 255 255
255 255 255 255 255 255 255 255 255 255 255 255 255 255 255 255
255 255 239 191 119 255  16 207  64  64  48  89 112 112 255 255
255 255 191   0 119 255  64 255 255 255 191  48  64  64 255 255
255 255 119 119 124 105 157  55 163 163 213 183  34 184 255 255
255 255 112 112 166 159 143 143 239 239 207  64 191 239 255 255
255 255 112  64 105 207 207 255  96 191  64 199 143  48 255 255
255 255 207 159 118  16  16  64  96  48 159 193  48 239 255 255
255 255 112 112 207  64 239 191 255 207  48 123 239  48 255 255
255 255 255 112  58  16  96  48 112 207  48 123 239 191 255 255
255 255  64 207 213  64 239 191 239  96 159 105 255 112 255 255
255 255 119 119 124 166  48 143 191  48 166 124 119 119 255 255
255 255 191   0 119 112  16  64 239 191 255 119   0 191 255 255
255 255 239 191 119 112 207 255 239 191 112 119 191 239 255 255
255 255 255 255 255 255 255 255 255 255 255 255 255 255 255 255
255 255 255 255 255 255 255 255 255 255 255 255 255 255 255 255
255 255 255 255 255 255 255 255 255 255 255 255 255 255 255 255
255 255 255 255 255 255 255 255 255 255 255 255 255 255 255 255
255 255 239 191 119 255  16 207  64  64  48  89 112 112 255 255
255 255 191   0 119 255  64 255 255 255 191  48  64  64 255 255
255 255 119 119 124 105 157  55 163 163 213 183  34 184 255 255
255 255 112 112 166 159 143 143 239 239 207  64 191 239 255 255
255 255 112  64 105 207 207 255  96 191  64 199 143  48 255 255
255 255 207 159 118  16  16  64  96  48 159 193  48 239 255 255
255 255 112 112 207  64 239 191 255 207  48 123 239  48 255 255
255 255 255 112  58  16  96  48 112 207  48 123 239 191 255 255
255 255  64 207 213  64 239 191 239  96 159 105 255 112 255 255
255 255 119 119 124 166  48 143 191  48 166 124 119 119 255 255
255 255 191   0 119 112  16  64 239 191 255 119   0 191 255 255
255 255 239 191 119 112 207 255 239 191 112 119 191 239 255 255
255 255 255 255 255 255 255 255 255 255 255 255 255 255 255 255
255 255 255 255 255 255 255 255 255 255 255 255 255 255 255 255
255 255 255 255 255 255 255 255 255 255 255 255 255 255 255 255
255 255 255 255 255 255 255 255 255 255 255 255 255 255 255 255
255 255 239 191 119 255  16 207  64  64  48  89 112 112 255 255
255 255 191   0 119 255  64 255 255 255 191  48  64  64 255 255
255 255 119 119 124 105 157  55 163 163 213 183  34 184 255 255
255 255 112 112 166 159 143 143 239 239 207  64 191 239 255 255
255 255 112  64 105 207 207 255  96 191  64 199 143  48 255 255
255 255 207 159 118  16  16  64  96  48 159 193  48 239 255 255
255 255 112 112 207  64 239 191 255 207  48 123 239  48 255 255
255 255 255 112  58  16  96  48 112 207  48 123 239 191 255 255
255 255  64 207 213  64 239 191 239  96 159 105 255 112 255 255
255 255 119 119 124 166  48 143 191  48 166 124 119 119 255 255
255 255 191   0 119 112  16  64 239 191 255 119   0 191 255 255
255 255 239 191 119 112 207 255 239 191 112 119 191 239 255 255
255 255 255 255 255 255 255 255 255 255 255 255 255 255 255 255
255 255 255 255 255 255 255 255 255 255 255 255 255 255 255 255

255 255 255 255 255 255 255 255 255 255 255 255 255 255 255 255
255 234 199 194 218 197 248 236 214 182 197 197 182 182 234 255
255 232 135  51 164 167  94 185  91 156 128 126 149 187 182 255
255 242 132  55  50 131 184 120 242 221 178 127  13 149 182 255
255 184 102  40 183  53 123 178 138  90 147 121 132 126 197 255
255 238 113 138 141 110  61  79  74  70 183 152 237 152 234 255
255 188  99 226 129 163 150  63 111 122  75  69 202 123 220 255
255 214  76 219 102 174 109 163 190 118 157 138 174 159 221 255
255 188 131 211  66 120 193 119 112 110 159 127  54 184 233 255
255 202  69  90 163 140 143  48 112 118 174 108  30 137 216 255
255 215 187 187 156 149 150 117 143  55  87 148  93 142 197 255
255 198 124 128 121 139 133  99 152  96 176 119 127 126 197 255
255 182 149  13 132 140 102 188 138 106 165 128  13 149 182 255
255 182 187 149 127 147 111 204 152 183  79 124 149 187 182 255
255 234 182 182 198 215 248 236 214 216 215 198 182 182 234 255
255 255 255 255 255 255 255 255 255 255 255 255 255 255 255 255
255 255 255 255 255 255 255 255 255 255 255 255 255 255 255 255
255 234 199 194 218 197 248 236 214 182 197 197 182 182 234 255
255 232 135  51 164 167  94 185  91 156 128 126 149 187 182 255
255 242 132  55  50 131 184 120 242 221 178 127  13 149 182 255
255 184 102  40 183  53 123 178 138  90 147 121 132 126 197 255
255 238 113 138 141 110  61  79  74  70 183 152 237 152 234 255
255 188  99 226 129 163 150  63 111 122  75  69 202 123 220 255
255 214  76 219 102 174 109 163 190 118 157 138 174 159 221 255
255 188 131 211  66 120 193 119 112 110 159 127  54 184 233 255
255 202  69  90 163 140 143  48 112 118 174 108  30 137 216 255
255 215 187 187 156 149 150 117 143  55  87 148  93 142 197 255
255 198 124 128 121 139 133  99 152  96 176 119 127 126 197 255
255 182 149  13 132 140 102 188 138 106 165 128  13 149 182 255
255 182 187 149 127 147 111 204 152 183  79 124 149 187 182 255
255 234 182 182 198 215 248 236 214 216 215 198 182 182 234 255
255 255 255 255 255 255 255 255 255 255 255 255 255 255 255 255
255 255 255 255 255 255 255 255 255 255 255 255 255 255 255 255
255 234 199 194 218 197 248 236 214 182 197 197 182 182 234 255
255 232 135  51 164 167  94 185  91 156 128 126 149 187 182 255
255 242 132  55  50 131 184 120 242 221 178 127  13 149 182 255
255 184 102  40 183  53 123 178 138  90 147 121 132 126 197 255
255 238 113 138 141 110  61  79  74  70 183 152 237 152 234 255
255 188  99 226 129 163 150  63 111 122  75  69 202 123 220 255
255 214  76 219 102 174 109 163 190 118 157 138 174 159 221 255
255 188 131 211  66 120 193 119 112 110 159 127  54 184 233 255
255 202  69  90 163 140 143  48 112 118 174 108  30 137 216 255
255 215 187 187 156 149 150 117 143  55  87 148  93 142 197 255
255 198 124 128 121 139 133  99 152  96 176 119 127 126 197 255
255 182 149  13 132 140 102 188 138 106 165 128  13 149 182 255
255 182 187 149 127 147 111 204 152 183  79 124 149 187 182 255
255 234 182 182 198 215 248 236 214 216 215 198 182 182 234 255
255 255 255 255 255 255 255 255 255 255 255 255 255 255 255 255

255 255 255 255 255 255 255 255 255 255 255 255 255 255 255 255
255 234 182 182 197 235 221 222 233 217 197 197 182 182 234 255
255 182 188 150 127 153 124 159 185 137 142 127 150 188 182 255
255 182 150  14 133 238 203 174  54  30  93 128  14 150 182 255
255 197 127 128 122 153  70 139 127 108 149 120 129 125 199 255
255 197 128 178 148 184  76 157 159 174  87 176 166  79 216 255
255 182 157 221  90  70 122 118 111 119  56  96 107 183 217 255
255 215  91 243 138  74 111 191 113 113 144 152 139 152 215 255
255 236 185 120 178  79  63 164 119  48 117 100 188 205 236 255
255 249  94 185 124  61 151 110 194 144 150 134 102 112 249 255
255 197 167 132  53 111 164 175 120 140 150 140 141 147 216 255
255 218 165  51 183 142 129 102  67 164 156 122 133 127 199 255
255 194  52  55  41 138 226 219 212  91 187 129  14 150 182 255
255 200 136 132 102 113 100  76 131  70 187 125 150 188 182 255
255 234 233 243 184 239 188 215 188 203 216 199 182 182 234 255
255 255 255 255 255 255 255 255 255 255 255 255 255 255 255 255
255 255 255 255 255 255 255 255 255 255 255 255 255 255 255 255
255 234 182 182 197 235 221 222 233 217 197 197 182 182 234 255
255 182 188 150 127 153 124 159 185 137 142 127 150 188 182 255
255 182 150  14 133 238 203 174  54  30  93 128  14 150 182 255
255 197 127 128 122 153  70 139 127 108 149 120 129 125 199 255
255 197 128 178 148 184  76 157 159 174  87 176 166  79 216 255
255 182 157 221  90  70 122 118 111 119  56  96 107 183 217 255
255 215  91 243 138  74 111 191 113 113 144 152 139 152 215 255
255 236 185 120 178  79  63 164 119  48 117 100 188 205 236 255
255 249  94 185 124  61 151 110 194 144 150 134 102 112 249 255
255 197 167 132  53 111 164 175 120 140 150 140 141 147 216 255
255 218 165  51 183 142 129 102  67 164 156 122 133 127 199 255
255 194  52  55  41 138 226 219 212  91 187 129  14 150 182 255
255 200 136 132 102 113 100  76 131  70 187 125 150 188 182 255
255 234 233 243 184 239 188 215 188 203 216 199 182 182 234 255
255 255 255 255 255 255 255 255 255 255 255 255 255 255 255 255
255 255 255 255 255 255 255 255 255 255 255 255 255 255 255 255
255 234 182 182 197 235 221 222 233 217 197 197 182 182 234 255
255 182 188 150 127 153 124 159 185 137 142 127 150 188 182 255
255 182 150  14 133 238 203 174  54  30  93 128  14 150 182 255
255 197 127 128 122 153  70 139 127 108 149 120 129 125 199 255
255 197 128 178 148 184  76 157 159 174  87 176 166  79 216 255
255 182 157 221  90  70 122 118 111 119  56  96 107 183 217 255
255 215  91 243 138  74 111 191 113 113 144 152 139 152 215 255
255 236 185 120 178  79  63 164 119  48 117 100 188 205 236 255
255 249  94 185 124  61 151 110 194 144 150 134 102 112 249 255
255 197 167 132  53 111 164 175 120 140 150 140 141 147 216 255
255 218 165  51 183 142 129 102  67 164 156 122 133 127 199 255
255 194  52  55  41 138 226 219 212  91 187 129  14 150 182 255
255 200 136 132 102 113 100  76 131  70 187 125 150 188 182 255
255 234 233 243 184 239 188 215 188 203 216 199 182 182 234 255
255 255 255 255 255 255 255 255 255 255 255 255 255 255 255 255
